0 6031
1 1
2 1
3 6029
4 6029
5 6029
6 1
7 6029
8 6029
9 6029
10 1
11 6029
12 1
13 2
14 2
15 6029
16 1
17 6029
18 1
19 1
20 6029
21 6029
22 6031
23 1
24 1
25 6029
26 1
27 6029
28 6029
29 6029
30 6029
31 6029
32 6029
33 6029
34 1
35 1
36 6029
37 1
38 35
39 6029
40 1
41 1
42 1
43 6029
44 6031
45 1
46 1
47 1
48 1
49 6029
50 1
51 1
52 1
53 1
54 1
55 6029
56 1
57 1
58 1
59 1
60 6029
61 6029
62 6029
63 6029
64 6029
65 6029
66 6032
67 6029
68 6029
69 1
70 1
71 1
72 1
73 6029
74 1
75 6029
76 6029
77 1
78 6029
79 1
80 6029
81 6029
82 1
83 6029
84 1
85 1
86 1
87 6029
88 1
89 6029
90 1
91 6029
92 3
93 1
94 1
95 1
96 1
97 1
98 6029
99 1
100 6029
101 6029
102 6029
103 1
104 2
105 6029
106 1
107 1
108 6029
109 6029
110 6029
111 6029
112 6029
113 6029
114 1
115 1
116 6029
117 1
118 1
119 1
120 6029
121 1
122 6029
123 6029
124 6029
125 6029
126 6029
127 6029
128 1
129 6029
130 6029
131 6029
132 6029
133 6029
134 1
135 6029
136 6029
137 2
138 6029
139 1
140 1
141 6029
142 1
143 6029
144 6029
145 6029
146 6029
147 6029
148 6029
149 6029
150 1
151 6029
152 1
153 1
154 1
155 6029
156 1
157 1
158 6029
159 1
160 6029
161 1
162 6029
163 1
164 1
165 6029
166 1
167 6029
168 1
169 6029
170 1
171 1
172 6029
173 6029
174 6029
175 6029
176 6029
177 6029
178 6029
179 6029
180 6029
181 21
182 1
183 1
184 1
185 1
186 1
187 1
188 1
189 1
190 1
191 11
192 6032
193 6029
194 12
195 6029
196 6029
197 6029
198 6029
199 1
200 1
201 6029
202 1
203 3
204 1
205 1
206 1
207 1
208 6029
209 9
210 1
211 6029
212 1
213 1
214 1
215 1
216 1
217 1
218 6029
219 1
220 1
221 1
222 1
223 1
224 1
225 6029
226 6029
227 1
228 6029
229 6029
230 1
231 1
232 6029
233 1
234 1
235 1
236 6034
237 1
238 6029
239 1
240 1
241 5
242 1
243 6029
244 6029
245 1
246 1
247 6029
248 6029
249 6029
250 6029
251 6029
252 6029
253 6029
254 1
255 1
256 1
257 6029
258 1
259 1
260 1
261 1
262 1
263 6029
264 6029
265 1
266 1
267 6029
268 1
269 1
270 6029
271 1
272 1
273 1
274 1
275 1
276 6029
277 1
278 1
279 6029
280 6029
281 1
282 1
283 6029
284 6029
285 6029
286 1
287 1
288 6029
289 6029
290 1
291 1
292 1
293 1
294 1
295 1
296 1
297 1
298 6029
299 6029
300 6029
301 1
302 3
303 6029
304 1
305 6029
306 1
307 6029
308 1
309 1
310 6033
311 6029
312 1
313 1
314 6029
315 1
316 6029
317 1
318 1
319 1
320 1
321 6029
322 1
323 1
324 2
325 6029
326 6029
327 6029
328 1
329 1
330 1
331 6029
332 1
333 1
334 6029
335 6029
336 1
337 1
338 1
339 6029
340 6029
341 6029
342 1
343 6029
344 6029
345 6029
346 6029
347 1
348 6029
349 6029
350 6029
351 6029
352 6029
353 6029
354 1
355 6029
356 6029
357 1
358 1
359 6029
360 6029
361 1
362 1
363 1
364 1
365 1
366 6029
367 6029
368 1
369 6029
370 6029
371 6029
372 6029
373 1
374 1
375 1
376 1
377 6029
378 6029
379 2
380 6029
381 6029
382 6029
383 1
384 1
385 6029
386 6029
387 6029
388 1
389 6029
390 6029
391 6029
392 6029
393 1
394 1
395 1
396 1
397 1
398 6029
399 6032
400 1
401 6029
402 1
403 1
404 1
405 1
406 6029
407 6029
408 1
409 6029
410 6030
411 6029
412 6029
413 2
414 1
415 6029
416 6029
417 1
418 6029
419 1
420 1
421 6029
422 6029
423 6029
424 6029
425 6029
426 1
427 6029
428 6031
429 1
430 6029
431 6030
432 1
433 6029
434 6029
435 6029
436 1
437 6029
438 6029
439 6033
440 6029
441 1
442 1
443 1
444 1
445 1
446 1
447 1
448 6029
449 6029
450 6029
451 1
452 1
453 1
454 1
455 6029
456 1
457 1
458 6029
459 1
460 1
461 1
462 1
463 1
464 1
465 1
466 6029
467 1
468 1
469 6029
470 1
471 1
472 6029
473 6029
474 1
475 6029
476 1
477 1
478 6029
479 6029
480 6029
481 6029
482 1
483 2
484 6029
485 6029
486 1
487 1
488 1
489 6029
490 6029
491 1
492 1
493 1
494 6029
495 1
496 6029
497 1
498 1
499 6029
500 6029
501 1
502 1
503 1
504 6029
505 6029
506 1
507 6029
508 6029
509 6029
510 1
511 1
512 1
513 1
514 1
515 1
516 6032
517 1
518 1
519 1
520 1
521 6029
522 1
523 1
524 1
525 1
526 16
527 14
528 6029
529 1
530 1
531 6029
532 3
533 6029
534 1
535 1
536 2
537 6033
538 1
539 1
540 1
541 4
542 1
543 1
544 6029
545 1
546 1
547 6029
548 6029
549 1
550 1
551 6029
552 1
553 6029
554 6029
555 1
556 1
557 6029
558 6029
559 6029
560 15
561 1
562 1
563 5
564 1
565 1
566 1
567 1
568 1
569 1
570 1
571 6029
572 6029
573 6029
574 6029
575 1
576 6029
577 6029
578 1
579 6029
580 6029
581 2
582 6029
583 1
584 6029
585 1
586 6029
587 1
588 11
589 1
590 1
591 1
592 1
593 1
594 1
595 1
596 1
597 1
598 1
599 6029
600 1
601 1
602 1
603 1
604 1
605 6029
606 6029
607 6029
608 2
609 1
610 6029
611 6029
612 1
613 6029
614 1
615 1
616 1
617 6029
618 1
619 1
620 6029
621 1
622 1
623 1
624 1
625 1
626 1
627 1
628 6029
629 6029
630 1
631 6029
632 1
633 1
634 6029
635 6029
636 6031
637 6029
638 1
639 1
640 1
641 1
642 1
643 1
644 6029
645 6029
646 6029
647 6030
648 1
649 1
650 1
651 1
652 6029
653 1
654 6029
655 6029
656 6029
657 1
658 1
659 6029
660 1
661 1
662 1
663 1
664 1
665 6029
666 1
667 6029
668 11
669 1
670 1
671 1
672 1
673 1
674 1
675 1
676 1
677 1
678 1
679 6029
680 6029
681 1
682 6029
683 1
684 6029
685 1
686 6029
687 1
688 1
689 6029
690 1
691 1
692 1
693 6029
694 6029
695 6029
696 1
697 6029
698 1
699 6029
700 6029
701 6029
702 1
703 6029
704 6029
705 6029
706 4
707 6029
708 1
709 6029
710 1
711 1
712 1
713 1
714 1
715 6029
716 6029
717 6029
718 6029
719 6030
720 6029
721 1
722 2
723 1
724 6029
725 1
726 6029
727 2
728 6029
729 1
730 1
731 6029
732 6029
733 1
734 6029
735 1
736 6029
737 6029
738 1
739 6029
740 6029
741 6029
742 6029
743 1
744 1
745 1
746 1
747 6029
748 1
749 1
750 6029
751 6029
752 6029
753 6029
754 1
755 1
756 6029
757 1
758 1
759 6029
760 6029
761 1
762 6029
763 1
764 6029
765 1
766 6029
767 6029
768 1
769 6029
770 1
771 6029
772 1
773 6029
774 1
775 2
776 1
777 6029
778 1
779 1
780 1
781 1
782 1
783 1
784 1
785 1
786 6029
787 6029
788 1
789 1
790 1
791 1
792 1
793 1
794 1
795 1
796 1
797 6029
798 1
799 1
800 1
801 6029
802 1
803 1
804 6029
805 6029
806 1
807 1
808 1
809 1
810 1
811 6029
812 1
813 1
814 1
815 1
816 6029
817 1
818 1
819 1
820 6029
821 6029
822 1
823 6029
824 1
825 6029
826 1
827 1
828 1
829 1
830 6029
831 1
832 1
833 1
834 1
835 1
836 6029
837 1
838 1
839 1
840 1
841 1
842 1
843 1
844 1
845 6029
846 6029
847 1
848 6029
849 1
850 1
851 1
852 6029
853 1
854 1
855 6029
856 6029
857 1
858 6029
859 6029
860 1
861 1
862 1
863 6029
864 6029
865 1
866 6029
867 6029
868 6029
869 6029
870 1
871 1
872 1
873 6029
874 6029
875 1
876 5
877 1
878 6029
879 1
880 1
881 6029
882 6029
883 1
884 1
885 6029
886 6029
887 6029
888 1
889 3
890 1
891 1
892 6029
893 1
894 1
895 1
896 6032
897 1
898 6029
899 1
900 1
901 1
902 6029
903 1
904 6029
905 1
906 6029
907 6029
908 6029
909 6029
910 6029
911 1
912 1
913 1
914 2
915 1
916 1
917 1
918 6029
919 6029
920 1
921 1
922 10
923 6029
924 6029
925 1
926 6029
927 1
928 2
929 6031
930 6029
931 1
932 1
933 1
934 1
935 1
936 1
937 6029
938 6029
939 1
940 1
941 2
942 1
943 1
944 1
945 6029
946 1
947 1
948 6041
949 6037
950 6031
951 1
952 6029
953 1
954 1
955 6029
956 2
957 1
958 6029
959 1
960 1
961 6032
962 6029
963 6029
964 6030
965 6029
966 1
967 6029
968 6029
969 1
970 1
971 1
972 6029
973 1
974 1
975 6029
976 1
977 6029
978 6029
979 6029
980 1
981 6029
982 5
983 1
984 6029
985 1
986 6029
987 1
988 6029
989 6029
990 6029
991 1
992 6029
993 1
994 2
995 1
996 6029
997 8
998 6029
999 6031
1000 1
1001 19
1002 6029
1003 1
1004 6029
1005 6029
1006 1
1007 1
1008 1
1009 6029
1010 6029
1011 2
1012 1
1013 6029
1014 1
1015 6029
1016 1
1017 1
1018 1
1019 6029
1020 1
1021 1
1022 6029
1023 1
1024 1
1025 6029
1026 6029
1027 6029
1028 6029
1029 6029
1030 6029
1031 1
1032 1
1033 6029
1034 1
1035 1
1036 1
1037 1
1038 1
1039 6029
1040 6029
1041 6029
1042 1
1043 4
1044 1
1045 1
1046 6029
1047 1
1048 6029
1049 1
1050 1
1051 1
1052 1
1053 1
1054 1
1055 6029
1056 1
1057 6029
1058 1
1059 6029
1060 1
1061 1
1062 1
1063 6029
1064 1
1065 1
1066 1
1067 5
1068 6029
1069 1
1070 2
1071 1
1072 1
1073 1
1074 1
1075 6031
1076 1
1077 6029
1078 1
1079 1
1080 6029
1081 20
1082 6029
1083 1
1084 6029
1085 1
1086 6029
1087 1
1088 1
1089 6029
1090 10
1091 6029
1092 1
1093 1
1094 6029
1095 1
1096 1
1097 1
1098 10
1099 1
1100 1
1101 1
1102 1
1103 1
1104 1
1105 1
1106 1
1107 6029
1108 6033
1109 1
1110 1
1111 6029
1112 1
1113 6029
1114 1
1115 1
1116 1
1117 6031
1118 6029
1119 1
1120 1
1121 1
1122 1
1123 1
1124 6029
1125 1
1126 8
1127 1
1128 1
1129 6029
1130 6029
1131 1
1132 1
1133 2
1134 2
1135 6029
1136 6029
1137 6029
1138 6029
1139 6029
1140 1
1141 6029
1142 1
1143 6029
1144 6029
1145 1
1146 3
1147 1
1148 1
1149 1
1150 1
1151 1
1152 1
1153 1
1154 6029
1155 6029
1156 1
1157 1
1158 6029
1159 1
1160 1
1161 6029
1162 6029
1163 6029
1164 1
1165 6029
1166 1
1167 6029
1168 6029
1169 1
1170 1
1171 1
1172 6029
1173 6029
1174 6029
1175 1
1176 6029
1177 1
1178 1
1179 1
1180 1
1181 6037
1182 1
1183 1
1184 2
1185 1
1186 1
1187 1
1188 1
1189 2
1190 1
1191 6029
1192 6029
1193 6029
1194 1
1195 1
1196 1
1197 1
1198 6029
1199 6029
1200 6046
1201 1
1202 2
1203 1
1204 6032
1205 6030
1206 1
1207 6037
1208 1
1209 6029
1210 1
1211 2
1212 6029
1213 1
1214 1
1215 1
1216 6029
1217 6029
1218 6030
1219 1
1220 1
1221 1
1222 6031
1223 6029
1224 1
1225 1
1226 1
1227 1
1228 6029
1229 6029
1230 6029
1231 1
1232 6029
1233 1
1234 6029
1235 6029
1236 1
1237 6033
1238 1
1239 1
1240 1
1241 2
1242 1
1243 6029
1244 1
1245 6029
1246 1
1247 6029
1248 1
1249 1
1250 6029
1251 6029
1252 1
1253 6029
1254 6029
1255 6029
1256 2
1257 1
1258 6029
1259 6029
1260 6030
1261 1
1262 1
1263 1
1264 1
1265 6029
1266 6029
1267 6029
1268 1
1269 1
1270 1
1271 1
1272 1
1273 6029
1274 1
1275 6029
1276 6029
1277 1
1278 6029
1279 6029
1280 1
1281 6029
1282 1
1283 1
1284 6029
1285 1
1286 6030
1287 6029
1288 1
1289 6029
1290 6029
1291 1
1292 6029
1293 1
1294 6032
1295 1
1296 1
1297 6029
1298 1
1299 1
1300 1
1301 6029
1302 1
1303 1
1304 1
1305 6029
1306 1
1307 6035
1308 6031
1309 1
1310 6029
1311 1
1312 1
1313 1
1314 1
1315 1
1316 1
1317 6029
1318 6029
1319 6029
1320 1
1321 1
1322 1
1323 6029
1324 1
1325 6029
1326 6029
1327 1
1328 6029
1329 1
1330 1
1331 6029
1332 1
1333 6029
1334 1
1335 1
1336 2
1337 6029
1338 6029
1339 6029
1340 1
1341 6029
1342 1
1343 6029
1344 11
1345 1
1346 6029
1347 1
1348 1
1349 1
1350 1
1351 1
1352 6029
1353 1
1354 6029
1355 1
1356 6029
1357 1
1358 1
1359 6029
1360 6029
1361 6029
1362 6029
1363 1
1364 1
1365 6029
1366 6029
1367 2
1368 1
1369 6029
1370 6029
1371 1
1372 1
1373 1
1374 1
1375 1
1376 1
1377 6029
1378 1
1379 6029
1380 6029
1381 1
1382 6029
1383 6029
1384 1
1385 6029
1386 1
1387 6029
1388 6029
1389 6029
1390 6029
1391 1
1392 1
1393 6029
1394 6029
1395 1
1396 6029
1397 6029
1398 6034
1399 6033
1400 6029
1401 6029
1402 6029
1403 6031
1404 6029
1405 1
1406 1
1407 1
1408 1
1409 6029
1410 1
1411 6029
1412 6029
1413 6029
1414 6029
1415 6029
1416 1
1417 6029
1418 1
1419 6029
1420 1
1421 1
1422 1
1423 1
1424 6029
1425 1
1426 6029
1427 6029
1428 1
1429 6029
1430 6029
1431 6029
1432 1
1433 6029
1434 6029
1435 1
1436 1
1437 1
1438 6029
1439 1
1440 6029
1441 10
1442 2
1443 4
1444 3
1445 6034
1446 1
1447 1
1448 1
1449 1
1450 1
1451 1
1452 1
1453 6031
1454 6029
1455 1
1456 1
1457 1
1458 6029
1459 6029
1460 2
1461 1
1462 6037
1463 1
1464 1
1465 1
1466 6029
1467 1
1468 1
1469 1
1470 1
1471 1
1472 1
1473 6029
1474 6029
1475 1
1476 6029
1477 6029
1478 6031
1479 1
1480 1
1481 1
1482 1
1483 1
1484 6029
1485 6029
1486 1
1487 6029
1488 1
1489 1
1490 1
1491 1
1492 1
1493 2
1494 6029
1495 2
1496 1
1497 6031
1498 1
1499 1
1500 1
1501 1
1502 1
1503 1
1504 6029
1505 1
1506 20
1507 1
1508 1
1509 1
1510 1
1511 1
1512 1
1513 1
1514 1
1515 1
1516 1
1517 1
1518 6029
1519 6029
1520 6032
1521 1
1522 6029
1523 1
1524 1
1525 1
1526 1
1527 6029
1528 1
1529 6029
1530 1
1531 6029
1532 1
1533 6029
1534 6029
1535 6029
1536 2
1537 6029
1538 1
1539 1
1540 6029
1541 6029
1542 1
1543 1
1544 6029
1545 2
1546 6029
1547 6029
1548 6029
1549 6029
1550 6029
1551 1
1552 1
1553 1
1554 1
1555 1
1556 6029
1557 6029
1558 1
1559 6029
1560 1
1561 6029
1562 6034
1563 1
1564 6029
1565 1
1566 6030
1567 1
1568 1
1569 6029
1570 1
1571 1
1572 6029
1573 6029
1574 1
1575 1
1576 1
1577 3
1578 1
1579 6031
1580 1
1581 1
1582 6029
1583 1
1584 2
1585 6029
1586 6029
1587 1
1588 1
1589 6029
1590 6029
1591 1
1592 1
1593 1
1594 2
1595 1
1596 6030
1597 1
1598 1
1599 1
1600 6029
1601 6029
1602 6029
1603 6029
1604 1
1605 6029
1606 1
1607 1
1608 1
1609 1
1610 6029
1611 1
1612 6029
1613 1
1614 1
1615 1
1616 6029
1617 1
1618 1
1619 1
1620 6029
1621 1
1622 1
1623 1
1624 1
1625 6029
1626 6029
1627 16
1628 1
1629 1
1630 1
1631 1
1632 2
1633 6029
1634 1
1635 1
1636 6029
1637 6029
1638 6029
1639 1
1640 1
1641 6029
1642 1
1643 1
1644 6029
1645 1
1646 1
1647 6029
1648 6036
1649 6035
1650 6029
1651 6029
1652 1
1653 6029
1654 6029
1655 1
1656 3
1657 6032
1658 6029
1659 6029
1660 1
1661 1
1662 1
1663 6029
1664 1
1665 6029
1666 6029
1667 1
1668 6029
1669 6029
1670 6029
1671 1
1672 6029
1673 6029
1674 6032
1675 6029
1676 6029
1677 1
1678 1
1679 1
1680 2
1681 1
1682 1
1683 2
1684 1
1685 6029
1686 1
1687 6029
1688 1
1689 1
1690 1
1691 2
1692 6031
1693 1
1694 6029
1695 1
1696 1
1697 1
1698 6029
1699 6029
1700 6029
1701 6029
1702 1
1703 6029
1704 6029
1705 1
1706 6029
1707 6029
1708 1
1709 6029
1710 3
1711 2
1712 6032
1713 6031
1714 6029
1715 1
1716 1
1717 6029
1718 1
1719 1
1720 1
1721 6029
1722 6030
1723 6029
1724 6029
1725 1
1726 1
1727 1
1728 1
1729 6029
1730 1
1731 1
1732 6029
1733 6029
1734 6029
1735 6029
1736 1
1737 6029
1738 1
1739 6029
1740 6029
1741 1
1742 6032
1743 6029
1744 1
1745 1
1746 6030
1747 1
1748 6029
1749 6029
1750 6029
1751 6029
1752 6029
1753 6030
1754 1
1755 1
1756 1
1757 1
1758 6029
1759 1
1760 1
1761 1
1762 1
1763 1
1764 1
1765 6029
1766 5
1767 6029
1768 1
1769 1
1770 6029
1771 1
1772 6029
1773 1
1774 1
1775 1
1776 1
1777 1
1778 1
1779 1
1780 6029
1781 1
1782 6029
1783 1
1784 6029
1785 6031
1786 6029
1787 6029
1788 1
1789 1
1790 1
1791 1
1792 6029
1793 6030
1794 6029
1795 1
1796 1
1797 1
1798 1
1799 6029
1800 1
1801 1
1802 1
1803 1
1804 1
1805 6029
1806 6029
1807 1
1808 1
1809 1
1810 1
1811 6029
1812 1
1813 6029
1814 6029
1815 6029
1816 6029
1817 1
1818 6029
1819 6029
1820 6029
1821 6029
1822 1
1823 1
1824 1
1825 1
1826 1
1827 6029
1828 1
1829 1
1830 1
1831 6029
1832 6029
1833 1
1834 6033
1835 1
1836 6029
1837 1
1838 1
1839 6031
1840 1
1841 1
1842 6029
1843 6029
1844 6029
1845 1
1846 1
1847 6031
1848 6029
1849 1
1850 6029
1851 1
1852 1
1853 1
1854 6029
1855 6029
1856 6033
1857 6031
1858 1
1859 6029
1860 1
1861 1
1862 6029
1863 1
1864 6030
1865 1
1866 6029
1867 6029
1868 6029
1869 1
1870 6029
1871 2
1872 6029
1873 1
1874 1
1875 1
1876 2
1877 6031
1878 1
1879 1
1880 6029
1881 6029
1882 6029
1883 6029
1884 6029
1885 6029
1886 1
1887 1
1888 6029
1889 6029
1890 6029
1891 6029
1892 1
1893 3
1894 1
1895 2
1896 6029
1897 1
1898 1
1899 1
1900 1
1901 1
1902 1
1903 1
1904 6029
1905 1
1906 1
1907 6029
1908 1
1909 1
1910 6029
1911 1
1912 1
1913 1
1914 1
1915 1
1916 1
1917 6029
1918 1
1919 1
1920 6029
1921 1
1922 6029
1923 6029
1924 6029
1925 1
1926 6029
1927 1
1928 1
1929 6029
1930 6029
1931 1
1932 11
1933 1
1934 6029
1935 1
1936 1
1937 1
1938 1
1939 2
1940 1
1941 6029
1942 6029
1943 6029
1944 1
1945 6029
1946 6029
1947 6029
1948 6029
1949 1
1950 6
1951 2
1952 1
1953 1
1954 1
1955 1
1956 1
1957 1
1958 6029
1959 1
1960 1
1961 1
1962 1
1963 1
1964 1
1965 1
1966 1
1967 1
1968 6029
1969 6029
1970 1
1971 6029
1972 6029
1973 6029
1974 6029
1975 1
1976 1
1977 1
1978 1
1979 1
1980 1
1981 6029
1982 6029
1983 1
1984 6029
1985 1
1986 2
1987 6029
1988 2
1989 6029
1990 1
1991 1
1992 6029
1993 1
1994 6029
1995 6029
1996 6029
1997 1
1998 2
1999 6029
2000 1
2001 6029
2002 1
2003 6029
2004 1
2005 1
2006 1
2007 26
2008 1
2009 1
2010 1
2011 1
2012 1
2013 1
2014 6029
2015 1
2016 1
2017 6029
2018 1
2019 1
2020 6029
2021 1
2022 2
2023 6029
2024 6029
2025 1
2026 1
2027 1
2028 1
2029 1
2030 1
2031 1
2032 6029
2033 1
2034 1
2035 1
2036 1
2037 6029
2038 6029
2039 6029
2040 1
2041 1
2042 1
2043 6029
2044 1
2045 1
2046 6029
2047 6029
2048 6029
2049 6029
2050 6029
2051 1
2052 6029
2053 6029
2054 1
2055 6029
2056 6029
2057 1
2058 1
2059 1
2060 6029
2061 1
2062 1
2063 1
2064 1
2065 2
2066 6029
2067 1
2068 6029
2069 6029
2070 11
2071 1
2072 1
2073 1
2074 1
2075 6029
2076 1
2077 1
2078 1
2079 6029
2080 6029
2081 1
2082 1
2083 1
2084 6029
2085 1
2086 6029
2087 6029
2088 6029
2089 1
2090 1
2091 6029
2092 6029
2093 6029
2094 6029
2095 2
2096 6029
2097 1
2098 1
2099 1
2100 1
2101 1
2102 14
2103 1
2104 1
2105 1
2106 1
2107 1
2108 1
2109 1
2110 1
2111 1
2112 6029
2113 1
2114 6029
2115 6029
2116 6029
2117 1
2118 1
2119 1
2120 1
2121 1
2122 1
2123 1
2124 1
2125 1
2126 1
2127 1
2128 1
2129 1
2130 1
2131 1
2132 1
2133 6029
2134 6029
2135 1
2136 2
2137 1
2138 1
2139 1
2140 1
2141 1
2142 1
2143 6029
2144 1
2145 6029
2146 6029
2147 1
2148 6029
2149 1
2150 1
2151 1
2152 1
2153 6029
2154 1
2155 1
2156 6029
2157 1
2158 6029
2159 1
2160 1
2161 1
2162 1
2163 1
2164 6029
2165 1
2166 1
2167 1
2168 1
2169 1
2170 1
2171 2
2172 11
2173 6029
2174 6029
2175 1
2176 6029
2177 1
2178 6029
2179 1
2180 1
2181 6029
2182 1
2183 1
2184 6029
2185 1
2186 1
2187 1
2188 1
2189 1
2190 1
2191 1
2192 1
2193 6029
2194 1
2195 6029
2196 1
2197 1
2198 1
2199 6029
2200 1
2201 6029
2202 1
2203 1
2204 1
2205 6029
2206 1
2207 1
2208 1
2209 1
2210 1
2211 1
2212 1
2213 1
2214 1
2215 1
2216 1
2217 6029
2218 1
2219 1
2220 1
2221 6029
2222 1
2223 6029
2224 6029
2225 6029
2226 6029
2227 1
2228 6029
2229 1
2230 1
2231 6029
2232 1
2233 1
2234 1
2235 1
2236 1
2237 6029
2238 1
2239 1
2240 1
2241 6029
2242 1
2243 6029
2244 6029
2245 2
2246 1
2247 1
2248 6029
2249 1
2250 1
2251 1
2252 6029
2253 6029
2254 1
2255 1
2256 1
2257 1
2258 1
2259 1
2260 6029
2261 6029
2262 6029
2263 1
2264 1
2265 1
2266 1
2267 6029
2268 1
2269 6029
2270 1
2271 1
2272 1
2273 1
2274 1
2275 6029
2276 1
2277 1
2278 11
2279 6029
2280 1
2281 6029
2282 1
2283 1
2284 2
2285 6029
2286 6029
2287 1
2288 6029
2289 1
2290 6029
2291 1
2292 6029
2293 6029
2294 1
2295 6029
2296 2
2297 1
2298 1
2299 6029
2300 6029
2301 1
2302 1
2303 1
2304 4
2305 1
2306 1
2307 1
2308 1
2309 6029
2310 1
2311 1
2312 6029
2313 6029
2314 6029
2315 6029
2316 1
2317 1
2318 6029
2319 1
2320 1
2321 1
2322 6029
2323 1
2324 6029
2325 6029
2326 3
2327 1
2328 1
2329 6029
2330 1
2331 2
2332 6029
2333 6029
2334 1
2335 1
2336 6029
2337 6029
2338 6029
2339 1
2340 1
2341 1
2342 1
2343 6029
2344 1
2345 6029
2346 1
2347 6029
2348 2
2349 1
2350 6029
2351 10
2352 6029
2353 1
2354 1
2355 1
2356 6029
2357 1
2358 6029
2359 1
2360 6029
2361 6029
2362 6029
2363 1
2364 6029
2365 1
2366 1
2367 1
2368 1
2369 1
2370 1
2371 1
2372 1
2373 1
2374 6029
2375 6029
2376 6029
2377 6029
2378 1
2379 1
2380 1
2381 6029
2382 1
2383 1
2384 6029
2385 1
2386 1
2387 1
2388 6029
2389 1
2390 1
2391 6029
2392 6029
2393 1
2394 1
2395 1
2396 6029
2397 1
2398 6029
2399 6029
2400 1
2401 1
2402 1
2403 1
2404 1
2405 1
2406 1
2407 6029
2408 1
2409 1
2410 1
2411 6029
2412 1
2413 1
2414 1
2415 1
2416 1
2417 1
2418 1
2419 1
2420 6029
2421 1
2422 1
2423 1
2424 6029
2425 6029
2426 1
2427 1
2428 6029
2429 1
2430 1
2431 1
2432 1
2433 1
2434 1
2435 1
2436 1
2437 1
2438 1
2439 1
2440 6029
2441 1
2442 1
2443 1
2444 6029
2445 1
2446 1
2447 1
2448 1
2449 1
2450 1
2451 6029
2452 6029
2453 6029
2454 6029
2455 1
2456 2
2457 1
2458 1
2459 6029
2460 6029
2461 6029
2462 1
2463 6029
2464 6029
2465 6029
2466 1
2467 1
2468 1
2469 1
2470 1
2471 6029
2472 1
2473 1
2474 6029
2475 1
2476 1
2477 1
2478 1
2479 1
2480 1
2481 1
2482 1
2483 1
2484 1
2485 6029
2486 6029
2487 1
2488 1
2489 2
2490 6029
2491 1
2492 6029
2493 1
2494 6029
2495 1
2496 1
2497 1
2498 6029
2499 1
2500 6029
2501 6029
2502 1
2503 6029
2504 6029
2505 6029
2506 6029
2507 1
2508 1
2509 1
2510 6029
2511 1
2512 1
2513 1
2514 1
2515 1
2516 1
2517 1
2518 1
2519 1
2520 1
2521 1
2522 1
2523 6029
2524 6029
2525 1
2526 1
2527 1
2528 1
2529 6029
2530 6029
2531 1
2532 6029
2533 1
2534 1
2535 1
2536 2
2537 1
2538 1
2539 1
2540 1
2541 1
2542 1
2543 1
2544 6029
2545 1
2546 6029
2547 1
2548 6029
2549 6029
2550 2
2551 6029
2552 1
2553 1
2554 6029
2555 1
2556 1
2557 1
2558 1
2559 6029
2560 1
2561 1
2562 6029
2563 1
2564 1
2565 1
2566 1
2567 1
2568 1
2569 6029
2570 1
2571 1
2572 1
2573 1
2574 1
2575 6029
2576 6029
2577 6029
2578 6029
2579 1
2580 1
2581 6029
2582 1
2583 1
2584 1
2585 1
2586 1
2587 1
2588 1
2589 2
2590 6029
2591 6029
2592 1
2593 6029
2594 1
2595 1
2596 6029
2597 6029
2598 1
2599 6029
2600 1
2601 1
2602 1
2603 1
2604 2
2605 1
2606 6029
2607 6029
2608 1
2609 1
2610 1
2611 2
2612 6029
2613 1
2614 6029
2615 6029
2616 1
2617 6029
2618 1
2619 1
2620 1
2621 6029
2622 6029
2623 1
2624 1
2625 1
2626 6029
2627 6029
2628 1
2629 6029
2630 1
2631 1
2632 1
2633 1
2634 6029
2635 6029
2636 1
2637 1
2638 6029
2639 6029
2640 1
2641 1
2642 3
2643 1
2644 1
2645 1
2646 6029
2647 1
2648 1
2649 1
2650 1
2651 1
2652 1
2653 6029
2654 6029
2655 1
2656 1
2657 6029
2658 1
2659 6029
2660 2
2661 1
2662 2
2663 6029
2664 1
2665 1
2666 6029
2667 1
2668 1
2669 1
2670 6029
2671 1
2672 1
2673 1
2674 1
2675 1
2676 6029
2677 1
2678 6029
2679 6029
2680 6029
2681 6029
2682 2
2683 6029
2684 1
2685 1
2686 1
2687 1
2688 1
2689 1
2690 6029
2691 1
2692 1
2693 6029
2694 6029
2695 6029
2696 1
2697 1
2698 6029
2699 6029
2700 1
2701 1
2702 6029
2703 1
2704 2
2705 1
2706 1
2707 1
2708 1
2709 6029
2710 6029
2711 1
2712 6029
2713 1
2714 1
2715 6029
2716 6029
2717 1
2718 6029
2719 6029
2720 1
2721 6029
2722 1
2723 6029
2724 1
2725 1
2726 1
2727 1
2728 6029
2729 1
2730 1
2731 1
2732 6029
2733 6029
2734 1
2735 6029
2736 1
2737 1
2738 1
2739 1
2740 1
2741 1
2742 1
2743 6029
2744 1
2745 1
2746 1
2747 1
2748 6029
2749 1
2750 6029
2751 6029
2752 1
2753 1
2754 1
2755 1
2756 1
2757 6029
2758 1
2759 1
2760 1
2761 6029
2762 1
2763 1
2764 1
2765 1
2766 1
2767 6029
2768 1
2769 1
2770 6029
2771 1
2772 1
2773 6029
2774 6029
2775 1
2776 1
2777 6029
2778 2
2779 6029
2780 1
2781 2
2782 1
2783 1
2784 1
2785 1
2786 1
2787 1
2788 1
2789 1
2790 6029
2791 1
2792 1
2793 1
2794 6029
2795 1
2796 6029
2797 6029
2798 6029
2799 1
2800 1
2801 1
2802 1
2803 6029
2804 6029
2805 1
2806 1
2807 6029
2808 6029
2809 1
2810 1
2811 1
2812 1
2813 1
2814 1
2815 1
2816 1
2817 1
2818 1
2819 6029
2820 1
2821 6029
2822 6029
2823 6029
2824 1
2825 1
2826 6029
2827 1
2828 6029
2829 6029
2830 1
2831 6031
2832 1
2833 1
2834 1
2835 6030
2836 1
2837 1
2838 1
2839 1
2840 1
2841 1
2842 1
2843 1
2844 1
2845 1
2846 1
2847 6029
2848 1
2849 1
2850 1
2851 1
2852 6029
2853 1
2854 1
2855 1
2856 1
2857 1
2858 1
2859 6029
2860 6029
2861 6029
2862 6029
2863 1
2864 6029
2865 1
2866 6029
2867 1
2868 6029
2869 1
2870 6029
2871 6029
2872 1
2873 6029
2874 1
2875 6029
2876 1
2877 1
2878 1
2879 6029
2880 1
2881 6029
2882 1
2883 6029
2884 1
2885 6029
2886 6029
2887 6029
2888 6029
2889 1
2890 6029
2891 1
2892 6029
2893 1
2894 1
2895 1
2896 1
2897 6029
2898 6029
2899 1
2900 6029
2901 6029
2902 1
2903 6029
2904 6029
2905 1
2906 6029
2907 6029
2908 1
2909 1
2910 1
2911 1
2912 1
2913 1
2914 1
2915 1
2916 1
2917 1
2918 1
2919 1
2920 1
2921 6029
2922 6029
2923 1
2924 1
2925 1
2926 2
2927 6029
2928 1
2929 1
2930 6029
2931 1
2932 1
2933 1
2934 1
2935 1
2936 7
2937 1
2938 6029
2939 6029
2940 1
2941 1
2942 6029
2943 1
2944 6
2945 1
2946 6029
2947 1
2948 6029
2949 6029
2950 2
2951 1
2952 6029
2953 1
2954 1
2955 1
2956 1
2957 1
2958 6029
2959 1
2960 1
2961 6029
2962 6029
2963 1
2964 1
2965 1
2966 1
2967 1
2968 1
2969 1
2970 1
2971 1
2972 1
2973 1
2974 6029
2975 1
2976 1
2977 1
2978 1
2979 1
2980 1
2981 1
2982 1
2983 1
2984 1
2985 1
2986 6029
2987 1
2988 6029
2989 3
2990 1
2991 6029
2992 6029
2993 1
2994 1
2995 1
2996 1
2997 6029
2998 1
2999 1
3000 1
3001 2
3002 1
3003 6029
3004 6029
3005 1
3006 1
3007 1
3008 1
3009 6029
3010 6029
3011 6029
3012 1
3013 1
3014 6029
3015 1
3016 6029
3017 1
3018 1
3019 1
3020 1
3021 1
3022 1
3023 6029
3024 6029
3025 6
3026 6029
3027 6029
3028 1
3029 1
3030 1
3031 1
3032 6029
3033 6029
3034 6029
3035 1
3036 1
3037 6029
3038 6029
3039 6029
3040 6029
3041 6029
3042 6029
3043 6029
3044 1
3045 6029
3046 6029
3047 1
3048 1
3049 1
3050 1
3051 1
3052 1
3053 1
3054 1
3055 1
3056 6029
3057 1
3058 6029
3059 6029
3060 6029
3061 6029
3062 1
3063 6029
3064 1
3065 1
3066 6029
3067 6029
3068 1
3069 1
3070 1
3071 1
3072 1
3073 1
3074 6030
3075 1
3076 1
3077 6029
3078 6031
3079 1
3080 6029
3081 6029
3082 1
3083 1
3084 1
3085 1
3086 6029
3087 6029
3088 6029
3089 1
3090 1
3091 1
3092 6029
3093 1
3094 1
3095 6029
3096 6029
3097 1
3098 6029
3099 1
3100 6029
3101 1
3102 6029
3103 1
3104 1
3105 1
3106 2
3107 1
3108 1
3109 1
3110 1
3111 1
3112 1
3113 1
3114 1
3115 6029
3116 1
3117 6029
3118 1
3119 1
3120 6029
3121 1
3122 1
3123 1
3124 1
3125 1
3126 6029
3127 7
3128 1
3129 6029
3130 1
3131 1
3132 1
3133 1
3134 1
3135 6029
3136 1
3137 6029
3138 6029
3139 1
3140 6029
3141 1
3142 6029
3143 1
3144 1
3145 1
3146 1
3147 5
3148 2
3149 6029
3150 1
3151 1
3152 6029
3153 1
3154 1
3155 1
3156 6029
3157 1
3158 1
3159 1
3160 6029
3161 1
3162 1
3163 6029
3164 1
3165 1
3166 1
3167 1
3168 1
3169 1
3170 1
3171 6029
3172 1
3173 1
3174 6029
3175 1
3176 6029
3177 1
3178 6029
3179 6029
3180 1
3181 1
3182 1
3183 1
3184 1
3185 1
3186 1
3187 1
3188 1
3189 1
3190 6029
3191 6029
3192 6029
3193 2
3194 6029
3195 1
3196 1
3197 6029
3198 1
3199 1
3200 6029
3201 1
3202 6029
3203 1
3204 1
3205 1
3206 6029
3207 6029
3208 6029
3209 1
3210 6029
3211 1
3212 1
3213 6029
3214 1
3215 1
3216 1
3217 1
3218 1
3219 1
3220 6029
3221 1
3222 6029
3223 6
3224 2
3225 6029
3226 1
3227 1
3228 6029
3229 1
3230 1
3231 1
3232 6029
3233 6029
3234 2
3235 12
3236 6029
3237 1
3238 1
3239 1
3240 1
3241 1
3242 1
3243 1
3244 6029
3245 1
3246 6032
3247 6029
3248 1
3249 1
3250 2
3251 1
3252 1
3253 1
3254 6
3255 6029
3256 6029
3257 6029
3258 6029
3259 6029
3260 6029
3261 1
3262 1
3263 1
3264 1
3265 1
3266 6029
3267 1
3268 1
3269 6029
3270 6029
3271 1
3272 1
3273 6029
3274 2
3275 1
3276 6029
3277 1
3278 1
3279 1
3280 1
3281 6029
3282 1
3283 1
3284 6029
3285 6029
3286 1
3287 1
3288 1
3289 1
3290 1
3291 1
3292 1
3293 1
3294 1
3295 6029
3296 6029
3297 2
3298 1
3299 1
3300 1
3301 1
3302 1
3303 1
3304 6029
3305 6029
3306 1
3307 1
3308 1
3309 6029
3310 6029
3311 6029
3312 6029
3313 1
3314 1
3315 6029
3316 1
3317 2
3318 1
3319 1
3320 1
3321 6029
3322 1
3323 6029
3324 1
3325 1
3326 6029
3327 6029
3328 1
3329 1
3330 1
3331 1
3332 1
3333 6029
3334 1
3335 1
3336 1
3337 6029
3338 6029
3339 1
3340 1
3341 6029
3342 1
3343 1
3344 6029
3345 1
3346 6029
3347 1
3348 6029
3349 1
3350 6029
3351 1
3352 1
3353 1
3354 1
3355 6029
3356 6029
3357 1
3358 6029
3359 9
3360 6029
3361 1
3362 1
3363 6029
3364 6029
3365 1
3366 1
3367 1
3368 1
3369 6029
3370 1
3371 6029
3372 1
3373 6029
3374 6029
3375 1
3376 1
3377 1
3378 6029
3379 1
3380 6029
3381 1
3382 6029
3383 6029
3384 1
3385 1
3386 1
3387 1
3388 1
3389 1
3390 6029
3391 1
3392 1
3393 6029
3394 6029
3395 1
3396 6029
3397 3
3398 6033
3399 1
3400 1
3401 1
3402 1
3403 6029
3404 1
3405 6029
3406 6029
3407 6029
3408 6029
3409 6029
3410 1
3411 6029
3412 6029
3413 1
3414 1
3415 6029
3416 1
3417 6029
3418 1
3419 1
3420 1
3421 1
3422 1
3423 1
3424 1
3425 1
3426 1
3427 1
3428 6029
3429 6029
3430 6029
3431 6029
3432 1
3433 6029
3434 1
3435 1
3436 1
3437 1
3438 1
3439 1
3440 1
3441 6029
3442 1
3443 1
3444 1
3445 1
3446 1
3447 1
3448 6029
3449 1
3450 1
3451 6029
3452 6029
3453 1
3454 1
3455 1
3456 1
3457 1
3458 1
3459 6029
3460 1
3461 1
3462 6029
3463 6029
3464 1
3465 6029
3466 6029
3467 1
3468 6029
3469 6029
3470 6029
3471 6029
3472 1
3473 1
3474 1
3475 6029
3476 1
3477 1
3478 2
3479 6029
3480 6029
3481 1
3482 1
3483 1
3484 6029
3485 1
3486 1
3487 1
3488 1
3489 1
3490 6029
3491 1
3492 1
3493 1
3494 1
3495 6029
3496 6029
3497 1
3498 1
3499 2
3500 6029
3501 1
3502 1
3503 6029
3504 1
3505 6029
3506 1
3507 6029
3508 1
3509 1
3510 1
3511 1
3512 1
3513 1
3514 6029
3515 6029
3516 1
3517 1
3518 1
3519 6
3520 1
3521 6029
3522 6029
3523 1
3524 6029
3525 1
3526 6029
3527 1
3528 6029
3529 6029
3530 1
3531 6029
3532 1
3533 1
3534 1
3535 6029
3536 6029
3537 6029
3538 1
3539 6029
3540 1
3541 1
3542 6029
3543 1
3544 6029
3545 1
3546 1
3547 2
3548 1
3549 6029
3550 6029
3551 6029
3552 6029
3553 6029
3554 1
3555 6029
3556 1
3557 6029
3558 6029
3559 1
3560 6029
3561 1
3562 1
3563 1
3564 6029
3565 1
3566 6029
3567 1
3568 6029
3569 1
3570 1
3571 6029
3572 1
3573 6029
3574 1
3575 6029
3576 1
3577 6029
3578 1
3579 6029
3580 1
3581 2
3582 1
3583 1
3584 1
3585 1
3586 1
3587 6029
3588 6029
3589 1
3590 2
3591 1
3592 1
3593 1
3594 6029
3595 1
3596 1
3597 1
3598 1
3599 6029
3600 1
3601 1
3602 1
3603 1
3604 1
3605 6029
3606 1
3607 6029
3608 1
3609 1
3610 1
3611 1
3612 2
3613 6029
3614 1
3615 6029
3616 6029
3617 1
3618 1
3619 1
3620 1
3621 6029
3622 1
3623 1
3624 1
3625 1
3626 6029
3627 6029
3628 6029
3629 1
3630 1
3631 2
3632 1
3633 1
3634 6029
3635 6029
3636 1
3637 1
3638 1
3639 1
3640 1
3641 1
3642 1
3643 1
3644 1
3645 1
3646 1
3647 1
3648 1
3649 1
3650 1
3651 1
3652 1
3653 1
3654 6029
3655 1
3656 1
3657 1
3658 6029
3659 1
3660 6029
3661 1
3662 1
3663 1
3664 1
3665 1
3666 1
3667 1
3668 1
3669 1
3670 6029
3671 1
3672 1
3673 6029
3674 1
3675 1
3676 6029
3677 1
3678 1
3679 1
3680 1
3681 1
3682 1
3683 1
3684 1
3685 1
3686 1
3687 1
3688 1
3689 1
3690 6029
3691 1
3692 1
3693 6029
3694 2
3695 1
3696 1
3697 1
3698 1
3699 6029
3700 6029
3701 1
3702 1
3703 6029
3704 1
3705 6029
3706 1
3707 1
3708 1
3709 1
3710 4
3711 1
3712 1
3713 1
3714 2
3715 6029
3716 6029
3717 1
3718 1
3719 6029
3720 1
3721 1
3722 1
3723 1
3724 1
3725 1
3726 6029
3727 1
3728 6029
3729 1
3730 1
3731 1
3732 6029
3733 6029
3734 6029
3735 1
3736 1
3737 2
3738 6029
3739 1
3740 1
3741 1
3742 6029
3743 1
3744 6029
3745 1
3746 1
3747 6029
3748 1
3749 1
3750 1
3751 1
3752 1
3753 1
3754 1
3755 1
3756 1
3757 6029
3758 1
3759 6029
3760 1
3761 1
3762 1
3763 1
3764 1
3765 7
3766 1
3767 6029
3768 1
3769 1
3770 1
3771 6029
3772 2
3773 1
3774 1
3775 1
3776 6029
3777 1
3778 1
3779 1
3780 1
3781 6029
3782 1
3783 1
3784 1
3785 1
3786 1
3787 1
3788 1
3789 1
3790 6029
3791 6029
3792 1
3793 1
3794 1
3795 1
3796 6029
3797 6029
3798 6029
3799 1
3800 1
3801 6029
3802 6029
3803 1
3804 1
3805 6029
3806 1
3807 1
3808 1
3809 1
3810 6029
3811 1
3812 1
3813 6029
3814 1
3815 6029
3816 1
3817 6029
3818 6029
3819 20
3820 6029
3821 1
3822 6029
3823 6029
3824 6029
3825 1
3826 1
3827 1
3828 1
3829 1
3830 1
3831 6029
3832 1
3833 6029
3834 1
3835 1
3836 1
3837 1
3838 6029
3839 2
3840 1
3841 1
3842 1
3843 6029
3844 6029
3845 1
3846 6029
3847 1
3848 2
3849 6029
3850 6029
3851 2
3852 1
3853 1
3854 1
3855 1
3856 6029
3857 1
3858 6029
3859 6029
3860 1
3861 1
3862 1
3863 6029
3864 1
3865 6029
3866 6029
3867 6029
3868 1
3869 1
3870 1
3871 1
3872 1
3873 1
3874 1
3875 1
3876 1
3877 6029
3878 1
3879 1
3880 1
3881 6029
3882 1
3883 6029
3884 1
3885 6029
3886 6029
3887 6029
3888 1
3889 1
3890 6029
3891 1
3892 1
3893 6029
3894 1
3895 1
3896 1
3897 6029
3898 1
3899 1
3900 6029
3901 1
3902 1
3903 6029
3904 6029
3905 1
3906 1
3907 1
3908 1
3909 1
3910 6029
3911 1
3912 6029
3913 6029
3914 1
3915 1
3916 1
3917 1
3918 1
3919 6029
3920 6029
3921 6029
3922 6029
3923 1
3924 1
3925 1
3926 6029
3927 1
3928 1
3929 6029
3930 6029
3931 5
3932 1
3933 6029
3934 6029
3935 1
3936 1
3937 6029
3938 1
3939 1
3940 1
3941 1
3942 1
3943 6029
3944 1
3945 6029
3946 6029
3947 1
3948 6029
3949 1
3950 1
3951 1
3952 2
3953 1
3954 1
3955 1
3956 6029
3957 1
3958 1
3959 1
3960 1
3961 1
3962 6029
3963 6029
3964 1
3965 1
3966 6029
3967 6029
3968 1
3969 1
3970 1
3971 1
3972 1
3973 1
3974 1
3975 2
3976 6029
3977 1
3978 1
3979 6029
3980 1
3981 6029
3982 6029
3983 1
3984 1
3985 6029
3986 6029
3987 1
3988 6029
3989 6029
3990 1
3991 6029
3992 1
3993 1
3994 1
3995 1
3996 1
3997 6029
3998 6029
3999 1
4000 6029
4001 1
4002 6029
4003 6029
4004 6029
4005 6029
4006 1
4007 1
4008 6029
4009 1
4010 6029
4011 1
4012 6029
4013 1
4014 1
4015 1
4016 6029
4017 1
4018 1
4019 1
4020 1
4021 6029
4022 1
4023 1
4024 1
4025 1
4026 4
4027 1
4028 1
4029 1
4030 1
4031 1
4032 6029
4033 6029
4034 1
4035 1
4036 6029
4037 1
4038 2
4039 1
4040 1
4041 6029
4042 1
4043 6029
4044 1
4045 1
4046 1
4047 1
4048 1
4049 1
4050 1
4051 6029
4052 1
4053 1
4054 1
4055 1
4056 1
4057 6029
4058 6029
4059 2
4060 6029
4061 1
4062 6029
4063 1
4064 1
4065 1
4066 1
4067 1
4068 6029
4069 1
4070 6029
4071 1
4072 2
4073 6029
4074 1
4075 1
4076 6029
4077 1
4078 6029
4079 1
4080 1
4081 6029
4082 1
4083 3
4084 1
4085 1
4086 1
4087 1
4088 1
4089 1
4090 1
4091 1
4092 1
4093 6029
4094 1
4095 6029
4096 6029
4097 1
4098 6029
4099 1
4100 1
4101 1
4102 3
4103 6029
4104 1
4105 1
4106 6
4107 6029
4108 1
4109 6029
4110 1
4111 6029
4112 6029
4113 6029
4114 6029
4115 1
4116 1
4117 2
4118 1
4119 1
4120 1
4121 6029
4122 6029
4123 1
4124 6029
4125 1
4126 1
4127 1
4128 1
4129 1
4130 1
4131 1
4132 1
4133 1
4134 1
4135 1
4136 1
4137 6029
4138 1
4139 6029
4140 6029
4141 1
4142 1
4143 6
4144 11
4145 1
4146 6029
4147 1
4148 1
4149 2
4150 1
4151 2
4152 6029
4153 1
4154 6029
4155 1
4156 1
4157 6029
4158 6029
4159 6029
4160 6029
4161 1
4162 1
4163 1
4164 6029
4165 1
4166 1
4167 6029
4168 1
4169 1
4170 1
4171 1
4172 1
4173 1
4174 6029
4175 2
4176 6029
4177 1
4178 1
4179 6029
4180 6029
4181 1
4182 1
4183 6029
4184 1
4185 1
4186 1
4187 6029
4188 1
4189 6029
4190 1
4191 6029
4192 1
4193 6029
4194 6029
4195 1
4196 6029
4197 6029
4198 6029
4199 1
4200 6029
4201 1
4202 1
4203 6029
4204 6029
4205 2
4206 6029
4207 6029
4208 6029
4209 1
4210 1
4211 6029
4212 1
4213 6029
4214 1
4215 6029
4216 6029
4217 6029
4218 1
4219 1
4220 6029
4221 1
4222 6029
4223 1
4224 1
4225 1
4226 1
4227 6029
4228 6029
4229 1
4230 6029
4231 1
4232 6029
4233 1
4234 6029
4235 6029
4236 7
4237 1
4238 1
4239 6029
4240 1
4241 1
4242 6029
4243 1
4244 6029
4245 6029
4246 6029
4247 1
4248 1
4249 1
4250 1
4251 1
4252 6029
4253 2
4254 1
4255 6029
4256 2
4257 6029
4258 1
4259 1
4260 6029
4261 1
4262 1
4263 6029
4264 2
4265 1
4266 1
4267 1
4268 1
4269 2
4270 1
4271 1
4272 1
4273 1
4274 6029
4275 6029
4276 6029
4277 6029
4278 1
4279 6029
4280 6029
4281 1
4282 6029
4283 1
4284 1
4285 6029
4286 1
4287 1
4288 1
4289 1
4290 1
4291 2
4292 6029
4293 6029
4294 1
4295 6029
4296 1
4297 6029
4298 6029
4299 1
4300 6029
4301 6029
4302 1
4303 6029
4304 2
4305 1
4306 6029
4307 1
4308 6029
4309 1
4310 1
4311 1
4312 6029
4313 1
4314 1
4315 1
4316 1
4317 2
4318 1
4319 6029
4320 1
4321 1
4322 1
4323 1
4324 6029
4325 1
4326 1
4327 1
4328 1
4329 1
4330 6029
4331 1
4332 6029
4333 1
4334 6029
4335 1
4336 2
4337 6029
4338 6029
4339 1
4340 6029
4341 1
4342 1
4343 6029
4344 6029
4345 1
4346 1
4347 1
4348 1
4349 1
4350 1
4351 1
4352 1
4353 6029
4354 1
4355 6029
4356 6029
4357 1
4358 6029
4359 6029
4360 6029
4361 1
4362 6029
4363 1
4364 1
4365 1
4366 1
4367 1
4368 1
4369 6029
4370 1
4371 1
4372 1
4373 1
4374 1
4375 1
4376 1
4377 1
4378 6029
4379 1
4380 1
4381 6029
4382 6029
4383 1
4384 1
4385 1
4386 1
4387 1
4388 6029
4389 6029
4390 6029
4391 2
4392 1
4393 1
4394 1
4395 1
4396 1
4397 1
4398 1
4399 6029
4400 6029
4401 1
4402 6029
4403 6029
4404 1
4405 6029
4406 1
4407 6029
4408 1
4409 1
4410 1
4411 1
4412 1
4413 1
4414 1
4415 1
4416 6029
4417 6029
4418 1
4419 6029
4420 6029
4421 6029
4422 1
4423 6029
4424 6029
4425 1
4426 1
4427 1
4428 6029
4429 1
4430 1
4431 6029
4432 6029
4433 6029
4434 6029
4435 1
4436 1
4437 1
4438 6029
4439 1
4440 1
4441 6029
4442 6029
4443 6029
4444 6029
4445 6029
4446 6029
4447 6029
4448 1
4449 6029
4450 1
4451 1
4452 6029
4453 1
4454 1
4455 1
4456 6029
4457 1
4458 14
4459 6029
4460 1
4461 1
4462 1
4463 6029
4464 1
4465 6029
4466 1
4467 6029
4468 1
4469 6029
4470 6029
4471 1
4472 6029
4473 1
4474 1
4475 1
4476 1
4477 1
4478 6029
4479 6029
4480 1
4481 1
4482 6029
4483 1
4484 1
4485 1
4486 1
4487 6029
4488 1
4489 6029
4490 6029
4491 1
4492 6029
4493 1
4494 1
4495 1
4496 1
4497 1
4498 1
4499 1
4500 6030
4501 1
4502 6029
4503 1
4504 1
4505 2
4506 2
4507 1
4508 6029
4509 1
4510 6029
4511 1
4512 1
4513 6029
4514 1
4515 1
4516 6029
4517 1
4518 1
4519 1
4520 1
4521 1
4522 1
4523 1
4524 1
4525 1
4526 1
4527 1
4528 1
4529 1
4530 1
4531 1
4532 6029
4533 6029
4534 1
4535 1
4536 6029
4537 1
4538 1
4539 6029
4540 1
4541 6029
4542 1
4543 1
4544 1
4545 1
4546 1
4547 1
4548 1
4549 1
4550 1
4551 6029
4552 6029
4553 6029
4554 1
4555 1
4556 1
4557 6029
4558 1
4559 1
4560 1
4561 1
4562 1
4563 1
4564 1
4565 1
4566 6029
4567 6029
4568 6029
4569 6029
4570 1
4571 1
4572 2
4573 1
4574 6029
4575 1
4576 1
4577 6029
4578 1
4579 1
4580 1
4581 1
4582 1
4583 6029
4584 1
4585 6029
4586 1
4587 6029
4588 1
4589 1
4590 1
4591 1
4592 21
4593 6029
4594 1
4595 1
4596 6029
4597 1
4598 6029
4599 1
4600 1
4601 1
4602 1
4603 2
4604 1
4605 1
4606 6029
4607 1
4608 1
4609 1
4610 1
4611 1
4612 1
4613 1
4614 1
4615 1
4616 1
4617 6029
4618 1
4619 6029
4620 2
4621 1
4622 1
4623 1
4624 1
4625 1
4626 1
4627 1
4628 6029
4629 6029
4630 1
4631 6030
4632 1
4633 6029
4634 1
4635 10
4636 6029
4637 1
4638 6029
4639 6029
4640 1
4641 1
4642 1
4643 6029
4644 1
4645 1
4646 1
4647 1
4648 1
4649 1
4650 6029
4651 1
4652 1
4653 1
4654 6029
4655 1
4656 1
4657 1
4658 6029
4659 1
4660 1
4661 1
4662 6029
4663 1
4664 6029
4665 6029
4666 6029
4667 6029
4668 1
4669 6029
4670 1
4671 1
4672 1
4673 1
4674 2
4675 1
4676 6029
4677 1
4678 1
4679 1
4680 7
4681 1
4682 1
4683 1
4684 6029
4685 1
4686 6029
4687 1
4688 1
4689 6029
4690 1
4691 1
4692 6029
4693 6029
4694 6029
4695 6029
4696 1
4697 1
4698 1
4699 1
4700 1
4701 1
4702 1
4703 1
4704 1
4705 6029
4706 1
4707 1
4708 1
4709 1
4710 1
4711 1
4712 1
4713 1
4714 1
4715 1
4716 1
4717 1
4718 1
4719 1
4720 6029
4721 6029
4722 1
4723 6029
4724 6029
4725 6029
4726 6029
4727 1
4728 6029
4729 6029
4730 6029
4731 6029
4732 6029
4733 6029
4734 6029
4735 6029
4736 1
4737 1
4738 6029
4739 6029
4740 6029
4741 6029
4742 1
4743 1
4744 1
4745 6030
4746 6029
4747 1
4748 6029
4749 1
4750 1
4751 6029
4752 6029
4753 1
4754 6029
4755 6029
4756 1
4757 1
4758 6029
4759 1
4760 1
4761 6029
4762 2
4763 1
4764 1
4765 1
4766 6029
4767 1
4768 6029
4769 6029
4770 1
4771 6029
4772 1
4773 1
4774 1
4775 1
4776 1
4777 1
4778 6029
4779 1
4780 1
4781 6029
4782 6029
4783 6029
4784 6029
4785 1
4786 1
4787 1
4788 6029
4789 1
4790 6029
4791 1
4792 6029
4793 6029
4794 1
4795 1
4796 1
4797 1
4798 6029
4799 6029
4800 6029
4801 1
4802 1
4803 6029
4804 1
4805 6029
4806 2
4807 1
4808 1
4809 1
4810 6029
4811 6029
4812 1
4813 6029
4814 1
4815 6029
4816 1
4817 1
4818 1
4819 1
4820 1
4821 1
4822 6029
4823 1
4824 1
4825 6029
4826 6029
4827 1
4828 1
4829 1
4830 1
4831 1
4832 1
4833 6029
4834 1
4835 1
4836 1
4837 2
4838 1
4839 6029
4840 1
4841 1
4842 6029
4843 1
4844 1
4845 1
4846 6029
4847 6029
4848 1
4849 1
4850 1
4851 1
4852 6029
4853 1
4854 1
4855 1
4856 6029
4857 6029
4858 1
4859 1
4860 1
4861 1
4862 1
4863 1
4864 6029
4865 1
4866 1
4867 6029
4868 1
4869 1
4870 1
4871 1
4872 1
4873 1
4874 6029
4875 6029
4876 1
4877 1
4878 1
4879 1
4880 6029
4881 2
4882 1
4883 1
4884 1
4885 1
4886 1
4887 1
4888 1
4889 1
4890 6029
4891 6029
4892 6029
4893 1
4894 1
4895 1
4896 6029
4897 1
4898 1
4899 1
4900 6029
4901 1
4902 6029
4903 6029
4904 1
4905 1
4906 1
4907 1
4908 6029
4909 1
4910 1
4911 1
4912 1
4913 1
4914 6029
4915 1
4916 1
4917 1
4918 2
4919 1
4920 1
4921 6
4922 1
4923 2
4924 1
4925 1
4926 1
4927 1
4928 1
4929 1
4930 1
4931 1
4932 6029
4933 1
4934 1
4935 6029
4936 1
4937 6029
4938 1
4939 1
4940 6029
4941 1
4942 1
4943 1
4944 6029
4945 1
4946 1
4947 1
4948 2
4949 6029
4950 1
4951 6029
4952 1
4953 1
4954 1
4955 1
4956 1
4957 1
4958 1
4959 1
4960 1
4961 1
4962 1
4963 1
4964 1
4965 1
4966 1
4967 6029
4968 1
4969 1
4970 1
4971 1
4972 1
4973 6029
4974 1
4975 1
4976 1
4977 1
4978 1
4979 1
4980 1
4981 1
4982 1
4983 1
4984 1
4985 1
4986 6029
4987 1
4988 6029
4989 1
4990 1
4991 1
4992 1
4993 1
4994 1
4995 6029
4996 1
4997 1
4998 1
4999 6029
5000 1
5001 1
5002 1
5003 6029
5004 1
5005 1
5006 1
5007 6029
5008 6029
5009 1
5010 1
5011 1
5012 6029
5013 1
5014 6029
5015 1
5016 6029
5017 1
5018 1
5019 1
5020 1
5021 2
5022 1
5023 1
5024 2
5025 1
5026 6029
5027 1
5028 6029
5029 6029
5030 6029
5031 1
5032 1
5033 1
5034 2
5035 6029
5036 1
5037 3
5038 1
5039 1
5040 6029
5041 1
5042 2
5043 2
5044 6029
5045 6029
5046 1
5047 1
5048 2
5049 1
5050 1
5051 1
5052 6029
5053 6029
5054 1
5055 1
5056 1
5057 1
5058 6029
5059 1
5060 2
5061 1
5062 1
5063 6029
5064 1
5065 6029
5066 6029
5067 6029
5068 1
5069 6029
5070 1
5071 1
5072 1
5073 6029
5074 6029
5075 6029
5076 1
5077 6
5078 6029
5079 1
5080 1
5081 1
5082 6029
5083 6029
5084 1
5085 1
5086 1
5087 1
5088 1
5089 6029
5090 6029
5091 1
5092 1
5093 2
5094 1
5095 1
5096 6029
5097 1
5098 1
5099 1
5100 1
5101 1
5102 6029
5103 1
5104 6029
5105 1
5106 6029
5107 1
5108 1
5109 1
5110 6029
5111 1
5112 1
5113 6029
5114 1
5115 1
5116 1
5117 1
5118 1
5119 1
5120 2
5121 1
5122 1
5123 1
5124 1
5125 1
5126 1
5127 1
5128 1
5129 6029
5130 1
5131 6029
5132 1
5133 1
5134 1
5135 6029
5136 1
5137 6029
5138 2
5139 1
5140 1
5141 1
5142 1
5143 1
5144 1
5145 1
5146 1
5147 6029
5148 1
5149 6029
5150 1
5151 6029
5152 6029
5153 1
5154 6029
5155 1
5156 2
5157 1
5158 6029
5159 1
5160 6029
5161 1
5162 1
5163 6029
5164 1
5165 2
5166 1
5167 6029
5168 6029
5169 1
5170 1
5171 6029
5172 1
5173 1
5174 1
5175 6029
5176 1
5177 6029
5178 1
5179 1
5180 1
5181 1
5182 1
5183 6029
5184 1
5185 1
5186 1
5187 6029
5188 1
5189 1
5190 2
5191 6029
5192 1
5193 1
5194 1
5195 6029
5196 6029
5197 6029
5198 1
5199 1
5200 6029
5201 6029
5202 6029
5203 1
5204 1
5205 1
5206 6029
5207 6029
5208 1
5209 1
5210 1
5211 6029
5212 1
5213 6029
5214 6029
5215 1
5216 1
5217 1
5218 1
5219 1
5220 6029
5221 6029
5222 2
5223 1
5224 6029
5225 1
5226 6029
5227 6029
5228 6029
5229 1
5230 1
5231 1
5232 1
5233 1
5234 1
5235 1
5236 6029
5237 1
5238 6029
5239 1
5240 1
5241 6029
5242 1
5243 1
5244 1
5245 6029
5246 1
5247 1
5248 1
5249 1
5250 2
5251 6029
5252 1
5253 6029
5254 6029
5255 6029
5256 1
5257 6029
5258 1
5259 2
5260 1
5261 1
5262 1
5263 6029
5264 1
5265 1
5266 1
5267 6029
5268 1
5269 1
5270 6029
5271 1
5272 6029
5273 6029
5274 1
5275 1
5276 6029
5277 6029
5278 1
5279 6029
5280 1
5281 6029
5282 1
5283 1
5284 1
5285 6029
5286 1
5287 1
5288 1
5289 1
5290 2
5291 11
5292 6
5293 1
5294 6029
5295 1
5296 6029
5297 1
5298 1
5299 1
5300 1
5301 1
5302 1
5303 1
5304 6029
5305 1
5306 6029
5307 1
5308 1
5309 1
5310 1
5311 1
5312 2
5313 1
5314 1
5315 6029
5316 1
5317 1
5318 6029
5319 1
5320 1
5321 6029
5322 1
5323 1
5324 1
5325 1
5326 6029
5327 1
5328 1
5329 1
5330 1
5331 1
5332 6029
5333 1
5334 1
5335 1
5336 1
5337 1
5338 6029
5339 6029
5340 1
5341 1
5342 1
5343 6029
5344 1
5345 1
5346 1
5347 6029
5348 1
5349 1
5350 1
5351 1
5352 6029
5353 1
5354 1
5355 1
5356 6029
5357 4
5358 1
5359 6029
5360 1
5361 6029
5362 1
5363 1
5364 1
5365 1
5366 6029
5367 1
5368 1
5369 1
5370 1
5371 1
5372 2
5373 6029
5374 1
5375 1
5376 1
5377 1
5378 6029
5379 2
5380 20
5381 1
5382 1
5383 1
5384 1
5385 6029
5386 6029
5387 1
5388 1
5389 6029
5390 1
5391 1
5392 1
5393 1
5394 1
5395 1
5396 1
5397 1
5398 1
5399 1
5400 1
5401 1
5402 1
5403 1
5404 6029
5405 1
5406 6029
5407 1
5408 1
5409 1
5410 6029
5411 1
5412 1
5413 6029
5414 6029
5415 1
5416 1
5417 6029
5418 6029
5419 1
5420 1
5421 6029
5422 1
5423 6029
5424 1
5425 6029
5426 1
5427 1
5428 1
5429 6029
5430 1
5431 1
5432 6029
5433 1
5434 1
5435 1
5436 2
5437 1
5438 1
5439 1
5440 6029
5441 1
5442 1
5443 6029
5444 1
5445 1
5446 1
5447 1
5448 1
5449 1
5450 1
5451 1
5452 6029
5453 1
5454 1
5455 1
5456 1
5457 6029
5458 6029
5459 6029
5460 1
5461 1
5462 1
5463 1
5464 6029
5465 1
5466 1
5467 1
5468 1
5469 1
5470 1
5471 1
5472 6029
5473 1
5474 1
5475 1
5476 1
5477 1
5478 6029
5479 6029
5480 1
5481 1
5482 1
5483 1
5484 1
5485 1
5486 6029
5487 3
5488 1
5489 1
5490 1
5491 1
5492 6029
5493 1
5494 1
5495 6029
5496 1
5497 6029
5498 6029
5499 6029
5500 2
5501 1
5502 1
5503 1
5504 6029
5505 2
5506 1
5507 1
5508 6029
5509 10
5510 6029
5511 1
5512 1
5513 1
5514 1
5515 6029
5516 1
5517 1
5518 1
5519 1
5520 1
5521 1
5522 1
5523 6
5524 1
5525 1
5526 1
5527 1
5528 6029
5529 6029
5530 1
5531 6029
5532 6029
5533 1
5534 1
5535 6029
5536 1
5537 6034
5538 6031
5539 6029
5540 1
5541 1
5542 6029
5543 6029
5544 1
5545 6029
5546 1
5547 1
5548 6029
5549 1
5550 1
5551 1
5552 6029
5553 1
5554 1
5555 1
5556 1
5557 1
5558 1
5559 1
5560 1
5561 1
5562 1
5563 1
5564 1
5565 6029
5566 1
5567 1
5568 6
5569 1
5570 1
5571 1
5572 6029
5573 1
5574 1
5575 1
5576 1
5577 1
5578 6029
5579 1
5580 6029
5581 1
5582 1
5583 1
5584 1
5585 6029
5586 1
5587 2
5588 1
5589 6029
5590 6029
5591 1
5592 1
5593 1
5594 1
5595 1
5596 1
5597 6029
5598 1
5599 1
5600 2
5601 1
5602 6029
5603 6029
5604 1
5605 1
5606 1
5607 1
5608 6029
5609 1
5610 1
5611 1
5612 1
5613 6029
5614 2
5615 6029
5616 6029
5617 1
5618 6029
5619 6029
5620 1
5621 1
5622 1
5623 6029
5624 1
5625 6029
5626 6029
5627 1
5628 1
5629 6029
5630 6029
5631 1
5632 1
5633 1
5634 1
5635 1
5636 1
5637 1
5638 1
5639 1
5640 1
5641 1
5642 1
5643 2
5644 6029
5645 6029
5646 1
5647 1
5648 1
5649 1
5650 6029
5651 6029
5652 1
5653 6029
5654 6029
5655 2
5656 2
5657 6029
5658 1
5659 1
5660 1
5661 1
5662 1
5663 1
5664 1
5665 1
5666 1
5667 1
5668 1
5669 1
5670 6029
5671 1
5672 1
5673 1
5674 1
5675 6029
5676 1
5677 6029
5678 1
5679 1
5680 6029
5681 1
5682 6029
5683 1
5684 1
5685 1
5686 1
5687 1
5688 1
5689 1
5690 1
5691 2
5692 1
5693 1
5694 1
5695 6029
5696 1
5697 1
5698 1
5699 1
5700 1
5701 6029
5702 1
5703 2
5704 1
5705 1
5706 1
5707 6029
5708 2
5709 1
5710 1
5711 1
5712 1
5713 1
5714 1
5715 1
5716 6029
5717 1
5718 1
5719 1
5720 6029
5721 1
5722 1
5723 1
5724 6029
5725 1
5726 6029
5727 6029
5728 1
5729 6029
5730 1
5731 1
5732 1
5733 1
5734 1
5735 6029
5736 1
5737 1
5738 1
5739 1
5740 2
5741 1
5742 6029
5743 1
5744 1
5745 1
5746 1
5747 1
5748 1
5749 1
5750 6029
5751 6029
5752 1
5753 6029
5754 6029
5755 2
5756 1
5757 2
5758 1
5759 6029
5760 1
5761 6029
5762 1
5763 6029
5764 1
5765 1
5766 1
5767 1
5768 1
5769 1
5770 1
5771 1
5772 1
5773 1
5774 1
5775 6029
5776 1
5777 1
5778 1
5779 1
5780 1
5781 1
5782 1
5783 6029
5784 1
5785 6029
5786 1
5787 1
5788 6029
5789 1
5790 1
5791 1
5792 6029
5793 6029
5794 6029
5795 1
5796 1
5797 1
5798 1
5799 1
5800 1
5801 1
5802 2
5803 1
5804 6029
5805 1
5806 1
5807 11
5808 1
5809 6029
5810 1
5811 6029
5812 1
5813 1
5814 1
5815 1
5816 1
5817 1
5818 1
5819 6029
5820 6029
5821 6029
5822 1
5823 1
5824 6029
5825 1
5826 1
5827 6029
5828 6029
5829 6029
5830 6029
5831 6029
5832 1
5833 1
5834 6029
5835 1
5836 1
5837 1
5838 1
5839 1
5840 1
5841 1
5842 1
5843 1
5844 1
5845 1
5846 1
5847 11
5848 1
5849 1
5850 1
5851 1
5852 1
5853 1
5854 6029
5855 6029
5856 1
5857 1
5858 2
5859 1
5860 1
5861 1
5862 1
5863 1
5864 1
5865 1
5866 3
5867 1
5868 1
5869 1
5870 1
5871 1
5872 1
5873 1
5874 1
5875 1
5876 1
5877 1
5878 1
5879 1
5880 1
5881 6029
5882 6029
5883 1
5884 2
5885 1
5886 6029
5887 6029
5888 1
5889 1
5890 6029
5891 1
5892 6029
5893 6029
5894 1
5895 6029
5896 1
5897 6029
5898 1
5899 6029
5900 1
5901 6029
5902 1
5903 1
5904 1
5905 6029
5906 1
5907 6029
5908 1
5909 6029
5910 1
5911 1
5912 1
5913 1
5914 1
5915 6029
5916 1
5917 1
5918 1
5919 1
5920 1
5921 6029
5922 1
5923 1
5924 6029
5925 6029
5926 1
5927 1
5928 6029
5929 1
5930 1
5931 6029
5932 2
5933 1
5934 1
5935 1
5936 6029
5937 7
5938 1
5939 6029
5940 2
5941 6029
5942 1
5943 1
5944 6029
5945 1
5946 1
5947 1
5948 1
5949 1
5950 6029
5951 6029
5952 6029
5953 1
5954 1
5955 1
5956 6029
5957 6029
5958 1
5959 1
5960 6029
5961 6029
5962 6029
5963 1
5964 1
5965 6029
5966 1
5967 1
5968 1
5969 1
5970 6029
5971 2
5972 1
5973 1
5974 1
5975 1
5976 6029
5977 6029
5978 6029
5979 1
5980 6029
5981 6029
5982 6029
5983 1
5984 1
5985 1
5986 1
5987 6029
5988 6029
5989 1
5990 6029
5991 1
5992 1
5993 1
5994 6029
5995 6029
5996 1
5997 1
5998 1
5999 1
6000 1
6001 1
6002 1
6003 1
6004 6029
6005 1
6006 6029
6007 1
6008 1
6009 1
6010 1
6011 1
6012 6029
6013 1
6014 1
6015 6029
6016 6029
6017 1
6018 2
6019 1
6020 1
6021 1
6022 1
6023 6029
6024 1
6025 1
6026 1
6027 1
6028 1
6029 1
6030 1
6031 2
6032 1
6033 1
6034 1
6035 1
6036 6029
6037 1
6038 6029
6039 6029
6040 1
6041 1
6042 1
6043 1
6044 1
6045 6029
6046 6029
6047 6029
6048 1
6049 6029
6050 6029
6051 1
6052 1
6053 1
6054 1
6055 1
6056 1
6057 2
6058 1
6059 2
6060 6029
6061 2
6062 6029
6063 6029
6064 1
6065 1
6066 6029
6067 6029
6068 1
6069 6029
6070 6029
6071 6029
6072 1
6073 1
6074 1
6075 1
6076 1
6077 6029
6078 6029
6079 6029
6080 1
6081 6029
6082 1
6083 1
6084 1
6085 1
6086 1
6087 1
6088 6029
6089 2
6090 1
6091 1
6092 6029
6093 6029
6094 6029
6095 6029
6096 6029
6097 1
6098 1
6099 6029
6100 1
6101 1
6102 6029
6103 1
6104 1
6105 2
6106 1
6107 1
6108 6029
6109 1
6110 6029
6111 6029
6112 1
6113 1
6114 6029
6115 1
6116 1
6117 1
6118 1
6119 1
6120 1
6121 1
6122 1
6123 6029
6124 6029
6125 6029
6126 1
6127 1
6128 1
6129 1
6130 1
6131 1
6132 6029
6133 1
6134 2
6135 1
6136 1
6137 1
6138 6029
6139 6029
6140 1
6141 6029
6142 1
6143 1
6144 1
6145 1
6146 1
6147 1
6148 1
6149 1
6150 1
6151 1
6152 6029
6153 1
6154 1
6155 10
6156 1
6157 1
6158 1
6159 1
6160 1
6161 1
6162 1
6163 11
6164 1
6165 6029
6166 1
6167 1
6168 1
6169 6029
6170 6029
6171 6029
6172 1
6173 1
6174 6029
6175 6029
6176 1
6177 1
6178 1
6179 1
6180 6029
6181 6029
6182 1
6183 1
6184 1
6185 1
6186 6029
6187 2
6188 1
6189 1
6190 1
6191 6029
6192 1
6193 6029
6194 5
6195 1
6196 6029
6197 1
6198 1
6199 1
6200 1
6201 1
6202 1
6203 1
6204 1
6205 1
6206 1
6207 1
6208 1
6209 1
6210 1
6211 1
6212 1
6213 1
6214 1
6215 1
6216 1
6217 1
6218 1
6219 1
6220 1
6221 1
6222 1
6223 1
6224 1
6225 1
6226 1
6227 1
6228 1
6229 6029
6230 1
6231 1
6232 1
6233 1
6234 6029
6235 1
6236 1
6237 1
6238 1
6239 6029
6240 1
6241 6029
6242 1
6243 2
6244 6029
6245 6029
6246 1
6247 1
6248 1
6249 6029
6250 1
6251 6029
6252 6029
6253 1
6254 1
6255 2
6256 1
6257 1
6258 6029
6259 1
6260 1
6261 1
6262 6029
6263 1
6264 6029
6265 1
6266 6029
6267 1
6268 1
6269 6029
6270 1
6271 1
6272 1
6273 6029
6274 1
6275 1
6276 6029
6277 6029
6278 1
6279 6029
6280 1
6281 1
6282 3
6283 1
6284 1
6285 1
6286 1
6287 1
6288 6029
6289 1
6290 1
6291 1
6292 1
6293 6029
6294 1
6295 1
6296 6029
6297 1
6298 1
6299 1
6300 1
